81
82
100
101
120
121
137
233
292
337
338
343
344
374
375
376
436
437
462
474
479
489
490
599
600
601
615
622
623
703
774
781
854
855
870
924
925
1012
1013
132
144
145
146
150
151
201
243
244
245
249
250
251
377
378
379
382
383
384
385
386
480
481
482
483
484
486
487
491
492
493
494
638
639
640
643
644
646
647
648
649
716
717
718
719
720
721
772
773
785
786
787
788
789
790
791
792
793
794
795
796
797
798
799
800
801
802
803
804
805
806
807
808
809
880
881
882
883
888
889
890
893
894
895
896
897
898
984
985
986
987
988
989
990
991
992
993
994
995
999
1000
1001
1002
1003
1004
1005
1006
1007
1008
1009
1010
1020
1021
1022
1023
1025